
56925877
45564117
65910170
53555448
55237471
65408523
63179922
62019891
65957319
65959096
59184264
64332937
65735031
65673623
65830487
65947981
65959335
65621898
65830017
65934191
65652335
65833897
65959926
65670460
64934249
65736507
52047658
65920636
65960202
60481657
57424272
65957853
65962790
65963160
64914847
63402455
65948221
65034836
65966253
56540552
64385574
65901672
65969398
65875733
59066254
56255734
65970859
65868154
65964925
60828430
65568706
65966127
63822887
65873385
65860828
57572056
65940523
65935300
65973394
65923312
65492668
65904433
65974560
65974095
64865523
52072914
65976882
65408218
65946765
64128254
65830538
65975572
65665586
65979004
65965930
65980294
50733033
50549316
60482039
62245582
65958816
65879610
65980846
65980791
62870768
54794875
65966863
65976370
63052420
50444281
65926378
65982701
65888422
65922723
65899482
65196475
65897822
65984808
50843444
65956727
63663893
65986799
60052169
64019482
65961698
65961072
65939703
65959960
60441107
65992870
65992139
65569319
65839458
65850252
65993029
65993757
55530330
65816219
65966995
65555770
65961945
61093638
65993382
57640411
65405488
65979252
65991974
65993440
60159308
65996278
60482408
65999226
65999851
66000463
65888006
66000844
64451863
64184356
65384957
65796236
66003918
66002772
60462848
65197301
53915584
66006333
66004486
65885146
65896353
65830425
65898344
63464568
65221660
59803073
65989995
60520066
59525413
66008706
65983300
60416042
66013178
63797956
65999715
65961012
65600357
65920195
61445100
64404887
60249713
65589663
65721123
62527804
60057551
65623252
65978888
59513993
57310170
65952596
66020899
65059183
65667782
65993585
66000326
66023180
66021542
62508747
56343660
66001081
66028693
66026329
49800076
48366319
58414771
66030450
66030178
65682166
66029836
66027476
65972547
60452032
66017986
64641092
63987460
66032151
66032418
65786866
66033975
66028418
65657089
66035995
66035932
62407385
56924695
66013278
64451988
65673930
54608077
65825195
66038247
66039610
65991603
64187678
65869455
66040314
66040702
66040588
65721196
66033396
66037649
60062103
60359758
64186529
65979199
65729999
65801081
62434604
64931952
65964606
66033439
61074293
65959237
50679348
58267995
60127467
66044957
66046849
